pi_1,pi_2,pi_3,pi_4
0.0780479228711556,0.024359430520097335,0.00011455855087610055,0.897478088057871
0.10704699787448935,0.030443725184272165,0.009321599895036718,0.8531876770462017
0.11902082277339193,0.0027073778889941847,0.04629127587952994,0.8319805234580838
0.18332972003662323,0.038504978624378405,0.12370356670930296,0.6544617346296954
0.10376839438734685,0.28335668416894255,1.0814405705135272e-05,0.6128641070380054
0.012561222422651928,0.060958228511277406,0.00014030853691465617,0.9263402405291561
0.16544531121047928,0.004991112563548522,0.003922132268234814,0.8256414439577374
0.005823423597516508,0.03502635497755146,0.15190552100601876,0.8072447004189133
0.04485938871010696,0.007425633191278169,0.009226735375052201,0.9384882427235627
0.020218947044212777,0.12512375558051222,0.05685743675518601,0.797799860620089
0.017411729491581034,0.3846577347644947,0.06756716392991721,0.530363371814007
0.0006004013220848589,0.05658374075830409,0.4605343983669583,0.4822814595526527
0.0040790737592864175,0.009576086970163784,0.08919770741014435,0.8971471318604055
0.02071199030723976,0.12965989723623658,0.023787544633919196,0.8258405678226044
0.0701757686021594,1.775537344553927e-05,0.06793063064445584,0.8618758453799393
0.07644392180632634,0.0833856258180698,0.04396385609356846,0.7962065962820355
0.0909094071587082,0.005343109394146246,0.17276373982474394,0.7309837436224017
0.010425197374926504,0.11136852352799487,0.004542189463333232,0.8736640896337453
0.30944444003617666,0.11697739541443389,0.04589837323224258,0.5276797913171469
0.0021903598181970256,0.00019464282100889522,0.0017921149003688945,0.9958228824604252
6.333261637944297e-05,0.551293403133791,0.13094761446196151,0.317695649787868
0.08968660840516439,0.003686451343916647,0.17175930950326565,0.7348676307476533
0.08244886151472602,0.10849023662236347,0.024776868462291726,0.7842840334006188
0.04078128054137408,0.0006600860171149166,0.008436061656542744,0.9501225717849683
0.08174010788983092,0.0034158694500461477,0.0009140555693762383,0.9139299670907468
0.0018091132847022162,0.009278377464030147,0.006762209786779582,0.9821502994644881
0.03865194028436188,0.03803555194483202,0.10944113147496623,0.8138713762958398
0.011335332604440881,0.0617667299364174,0.000905936189563683,0.925992001269578
0.034019392384896575,0.14693089216380975,0.24004871795618454,0.5790009974951091
0.23305051810018895,0.018054057480244988,0.0017627548265310897,0.7471326695930349
0.011530036782387657,0.03567294957769028,0.01132333967050565,0.9414736739694165
0.024355009239328207,0.004631520486720874,0.010597512978768032,0.9604159572951829
0.04487315217230208,0.04530642206868395,0.0057029516719934075,0.9041174740870206
0.12000436575658646,0.006102192869922409,0.005717262681427059,0.8681761786920641
0.16952966188316623,0.22192583054694462,0.01882473953940349,0.5897197680304856
0.005001707194824881,0.26549571500280106,0.07772520130577583,0.6517773764965983
0.014132108622062768,0.3386480632760498,0.02121059508579791,0.6260092330160895
9.330512083445345e-05,0.004430016797214957,0.15761729821827625,0.8378593798636743
0.26550205420249495,0.07739359564299271,0.07959368886964084,0.5775106612848714
0.19184944117552147,0.024619741096300777,0.08577415221216413,0.6977566655160136
0.0567461373359786,0.02296547223620218,0.040912407420901506,0.8793759830069178
0.0060132882602384405,0.1534768714503424,0.052135643328062545,0.7883741969613567
0.0016272546959842094,0.15911075174495123,0.011876386271707926,0.8273856072873566
0.0006121977222313604,0.004475108017435652,0.011609985862972745,0.9833027083973602
0.20457551079891031,0.09794285125704891,0.153875874901948,0.5436057630420927
0.10933393670513078,0.055431562955781256,0.13886377795664792,0.69637072238244
0.011269596268824757,0.012430962734059747,0.12774145654604516,0.8485579844510703
0.16846681254899973,0.0007345231828807218,2.3344304989698327e-06,0.8307963298376205
0.0052398616813434905,0.010471120150599233,0.07819967489585539,0.9060893432722019
0.0019455789210700701,0.02869908665496129,0.00212036831524394,0.9672349661087247
0.015203528299101814,0.013326426811766653,0.13179533397240817,0.8396747109167234
0.26302764144483876,0.28854422273411656,0.005376729140790301,0.44305140668025444
0.04081858824849382,0.1986269041461436,0.03706166397261341,0.7234928436327492
0.20199167304870064,0.07335665352919091,0.019619802106827556,0.7050318713152809
0.019632560456444834,0.0009002459475445727,0.6586012353484647,0.320865958247546
0.01973185444555693,0.30686097945253704,0.1823928330495565,0.4910143330523496
0.001073216051446262,0.007850270488497632,0.03213996932947563,0.9589365441305805
0.03625288949363907,0.06330284929478741,0.14557860043367726,0.7548656607778964
0.1026889220272676,0.1947910772925348,0.19597773784645278,0.5065422628337447
0.021963693523650216,0.39655490461884557,0.011292611422114391,0.57018879043539
2.42315079296091e-05,0.0447098035600486,0.010688977914454684,0.9445769870175671
0.03609940093447787,0.06020367347403231,0.12257714335691262,0.7811197822345771
0.042368237467778555,0.0021359343610357446,0.0015337092743443114,0.9539621188968415
9.853286685884329e-06,0.10043190741172313,0.08176622498808936,0.8177920143135016
0.002637344411293603,0.049525952562536835,0.18991544055742543,0.7579212624687443
0.00023135994308140045,0.0022220613762598466,0.07910346635412997,0.9184431123265289
0.08705876915474604,0.006841278159153442,0.0002655119905658027,0.9058344406955346
0.0034127561767962554,0.3320412163154903,0.05369378417291589,0.6108522433347976
0.044002330005422356,0.08478348790030453,0.005786335029678338,0.8654278470645949
0.35321395897389146,0.022065540374841656,7.873074304510374e-06,0.6247126275769624
0.002964972305796462,0.33135483708469043,0.06537074583855611,0.6003094447709569
0.031032343114821656,0.0234560061354411,0.01836972777030929,0.927141922979428
0.10088401795277208,0.07914716190308028,0.16790455903315618,0.6520642611109915
0.018070673092563806,0.05814299014338204,0.015669985516982857,0.9081163512470712
0.040193300853231737,0.016848791367760404,0.005947693420483435,0.9370102143585245
0.0069385787104481456,0.01915434392193684,0.037759903249351606,0.9361471741182635
0.09082280201541426,0.010932808464506946,0.006328182126848735,0.89191620739323
0.00010941675778675264,0.3764489834457789,0.04106881931097093,0.5823727804854634
0.032591611147021915,0.03421755112360988,0.06878152590419119,0.8644093118251771
0.011699066916068892,0.2948867483754784,0.0006517786312526607,0.6927624060772001
0.08533075915637242,0.05796936452983971,0.021864260128390548,0.8348356161853974
0.048388100963565266,0.3968860997207702,0.05664656081506722,0.4980792385005972
0.11256942817601666,0.07696260783239185,0.00015390494839396477,0.8103140590431975
0.05307012957240658,0.33067542624982765,0.1087513346228612,0.5075031095549046
0.08074282981015825,0.13343963202634612,0.190988089050287,0.5948294491132087
0.3838104121045362,0.012137132370028676,0.07197569277201596,0.5320767627534191
0.18991806674428063,0.04103017612693623,0.014232349888018754,0.7548194072407646
0.006914178205142247,0.0070725549591425015,0.0793003989522174,0.9067128678834978
0.004663132907792756,0.08315013557685627,0.041624159149217146,0.8705625723661338
0.030382286922836337,0.03045890346879708,0.06823815093319258,0.870920658675174
0.5101988743879169,0.001558606815258713,0.07195822239660088,0.4162842964002235
0.05612935001423944,0.33235278310193517,0.036522836401840564,0.5749950304819849
0.03417727007534876,0.0038656739807002537,0.05608272890202407,0.9058743270419269
0.0007769835319350429,0.7144029563207185,0.0022975409434711014,0.28252251920387544
0.12425873748919143,0.012900879486287277,0.013568605579972326,0.849271777444549
0.23079137930013896,0.3063800745372177,0.07006028656076746,0.39276825960187584
0.03783293910702499,0.002368419927242269,0.044477883761801534,0.9153207572039312
0.06763971274912842,0.08461574395644163,0.0035993096388142686,0.8441452336556157
0.011480305320025797,0.03142955133224979,0.012333541123356983,0.9447566022243675
0.11574357697869402,0.011446320475584111,0.31486931941897633,0.5579407831267456
0.0530831049432573,0.3160127723770341,0.175426839437324,0.45547728324238457
0.03843459822169622,0.018323479889527254,0.3082004692703942,0.6350414526183823
0.10990226051944858,0.046296986878482244,0.042835835238094144,0.800964917363975
0.006777402118281474,0.1381924097948588,0.05090606162908642,0.8041241264577733
0.00499562883271675,0.0016725248619016168,0.13681279835302187,0.8565190479523598
0.08301497553980344,0.17222095103441382,0.07156765660709363,0.6731964168186891
0.02339534570680081,0.005225376913473675,0.0016477051542288232,0.9697315722254967
0.011479631721781933,0.017657773685190184,0.0018978089782827605,0.9689647856147452
0.00023348592039163874,0.1564553347088532,0.08795931456173134,0.7553518648090238
0.05335888148002306,0.0042833736676605606,0.0005594148354823,0.941798330016834
0.13933990042768282,0.06134684683703501,0.010272164453834491,0.7890410882814476
0.10791686998901125,0.00976394533408401,0.010901879135960524,0.8714173055409441
2.2330959290245267e-05,0.12759681909917134,0.17354233037522232,0.698838519566316
0.0778666358161294,0.021037606778040546,0.0059171554945659,0.8951786019112642
0.03513208218984446,0.12905312173856298,0.02684157942195303,0.8089732166496395
0.004785422808064997,0.024271868181517785,0.08706425621041662,0.8838784528000004
0.001769141570579129,0.07968599745778028,0.001038223686193881,0.9175066372854466
0.0008601627275470937,1.530826205735859e-05,0.20416777786341483,0.7949567511469808
0.0002925651325956228,0.6306485270960126,0.00584353104831108,0.3632153767230807
0.0007399900543536234,0.13662502466267598,0.0061694362921349425,0.8564655489908354
0.04281471839351528,2.0677960783674894e-05,0.03746545607171205,0.919699147573989
0.026550738305841308,0.05471864189898424,0.009579854165674896,0.9091507656294996
0.0012401297857413094,5.906675943503264e-06,0.15612055310166584,0.8426334104366494
0.017942525197731016,0.1614562853775721,0.0039253039360443095,0.8166758854886524
8.927562247944192e-05,0.03795634644382864,0.13371032891641657,0.8282440490172753
0.0007319389019634682,0.1431962642808903,0.013447375245233765,0.8426244215719124
0.01092824821854725,0.00745652433443308,0.2562016019655842,0.7254136254814355
0.23340880781180784,0.0044686850837778866,0.1566608873398323,0.605461619764582
0.10288866328741103,0.004975177470422982,0.14923206956214327,0.7429040896800226
0.070415197412792,0.0008804502119772813,0.02791365020153635,0.9007907021736944
0.10153031934055018,0.10602177094530033,0.06132063780207317,0.7311272719120763
0.07435648375417758,2.7495773567067218e-05,0.00012263815790879056,0.9254933823143465
0.03178650610146272,0.0019576904787478346,0.10167416782719844,0.864581635592591
0.00019501440360602686,0.20062084821099904,0.36764970581685685,0.43153443156853805
0.019686293995578787,0.062044724842279984,0.12192416840088176,0.7963448127612595
0.04514454623652341,0.2619372522186752,0.011276158175729804,0.6816420433690715
0.015297044774850074,0.10073583499131135,0.04834658526272274,0.8356205349711159
0.04121540610022173,0.011630554811141365,0.09875142580247712,0.8484026132861598
0.00023010876124150782,0.2750170193665295,0.04200308041461156,0.6827497914576175
0.0002489083522104279,0.004640346049317747,0.03920393481842452,0.9559068107800474
0.10417253133147036,0.013806827727359368,0.0013009391873593334,0.880719701753811
0.011270524239421171,0.1177983533685269,0.11199992694608481,0.758931195445967
0.08248617299994734,0.008976782951107687,0.3978487786151821,0.5106882654337629
0.0075235440614279244,0.10566616835658453,0.16496562281805477,0.7218446647639328
0.06361593392054113,0.03278664059003429,0.09763447062180901,0.8059629548676156
0.052275005034005326,0.000291173132663174,0.006835267067246684,0.9405985547660848
0.039875857160955576,0.04714218102927783,0.051954040451237485,0.8610279213585291
0.17508420923455154,0.036232516800553116,0.014787627902811894,0.7738956460620835
0.003289679563378735,0.06388459070467738,0.2694580303619587,0.663367699369985
0.03617675343447202,0.028111009769837787,0.05814484435132986,0.8775673924443603
0.009740236049122811,0.055089897231017246,0.20598886879863804,0.7291809979212219
0.21499787055413713,0.06022209328079598,0.1613572191034123,0.5634228170616546
0.0011739008115452731,0.08848981002002726,0.22620913907013515,0.6841271500982924
0.027392102389785053,0.02414734876485896,0.0030130099926586234,0.9454475388526974
0.04601347929514238,0.01849429854283261,0.016388409369586777,0.9191038127924381
0.035269411116620304,0.21778128028538143,0.0026190444440223155,0.7443302641539761
0.03246388660951326,0.08886357694397676,0.049170553125024635,0.8295019833214854
0.1571067593480128,0.005155068780056138,0.06009763758601553,0.7776405342859156
0.04343339997295314,0.1543506771316052,0.03334047824214145,0.7688754446533003
0.0035542491805582417,3.67078617262264e-06,0.027062293592950173,0.969379786440319
0.20201581570148175,0.048551255942285904,0.005574699571891152,0.7438582287843412
0.08381387000881402,0.00405746890769413,0.038880250223781186,0.8732484108597105
0.07047280509888537,0.2894178592622683,0.04444095860959537,0.5956683770292509
0.02562329816173562,0.02396980115625458,0.010949356092099067,0.9394575445899108
0.19304401041727975,0.09333456016074633,0.011413357106475605,0.7022080723154983
0.09931634857172486,0.04839589014665997,0.2073195422694462,0.6449682190121688
0.025194232764611517,0.22393592241384958,0.03442615091521001,0.7164436939063289
0.1991187440000673,0.001769648462538037,0.03698124043235846,0.7621303671050363
0.00325120308326737,0.2314045259367697,0.0013785756149614823,0.7639656953650015
0.0005866324925931874,0.001983545845445524,0.010794821555668927,0.9866350001062925
0.30812851177413364,0.01465248683221156,0.007204557021478585,0.6700144443721762
0.0003465003699712743,0.11527161727192788,0.020930434190005034,0.8634514481680958
0.05117621651649614,2.7611532067611334e-05,0.0822687966690711,0.8665273752823651
0.1666035434072384,0.06347307952739821,0.0002236013645706064,0.7696997757007928
0.050521584992449665,0.19912593961430505,0.00015680153886418985,0.7501956738543812
0.007126541718974093,0.1743000319871385,0.025048860326647885,0.7935245659672395
0.20535972495517718,0.05492256186656665,0.06334681916367893,0.6763708940145773
0.044011854800148194,0.002109996804026959,0.001896515133424904,0.9519816332623998
0.02414984080800819,0.03364606557888365,0.07470406516139193,0.8675000284517161
0.0016732936097966088,0.11630932880768438,0.03116044778197001,0.850856929800549
0.018378083528194093,0.005452058775408104,0.07693088860297852,0.8992389690934192
0.17792988365014392,0.012498195798794517,0.02757080279667774,0.7820011177543837
0.002036311149706486,0.005251135015897009,0.0011815516380290075,0.9915310021963675
0.09632077013534246,0.002481395709505051,0.02058058341262258,0.8806172507425298
0.04662354724294253,0.008817189012966216,0.08809019456175717,0.8564690691823341
0.09824324321482289,0.0385835447876888,0.04595180876089674,0.8172214032365915
0.013026748448121411,0.00045082353048057325,0.026129044334463645,0.9603933836869343
0.2488247289633811,0.030857131968160673,0.006394622364797168,0.713923516703661
0.00038465378793385395,0.05980101102101713,0.02414147577058136,0.9156728594204677
0.08334452242060711,0.06416765874609226,0.06558958457245302,0.7868982342608477
0.012679708803547794,0.0031212465211933067,0.38429062777413225,0.5999084169011268
0.03487775450155157,0.11045968590821706,0.2230316974382843,0.6316308621519471
0.00032636561312893874,0.028219460464841813,0.0523714503519593,0.91908272357007
0.03250696146418545,0.06339632637337589,0.09359688541757091,0.8104998267448679
0.12186094471331983,0.004450756655056897,0.010937968071124921,0.8627503305604983
0.17442035216125207,0.013514103069525205,0.07854845589460852,0.7335170888746142
0.04533776999557847,0.1572497400352046,0.04650731491559052,0.7509051750536265
0.0003905111960103494,0.009397472780091405,0.14900374598333826,0.84120827004056
0.005665013003910525,0.008213208506715924,0.010039105773347884,0.9760826727160257
0.25777574837653794,0.009779507429450088,0.0028603977604857336,0.7295843464335262
0.029614398626926785,0.0399040164465561,0.02854499610617617,0.9019365888203409
0.14721224040753214,0.0029190411092933238,0.12112714108560531,0.7287415773975693
0.022359642133001786,0.12182383565727603,0.2603326388600351,0.595483883349687
0.007995539384378417,0.029770520508502697,0.017048635489630367,0.9451853046174884
0.00576448040657434,0.016648463900228522,0.026953042499664213,0.9506340131935331
0.05168202346403101,0.004565516408711381,0.06492224273827037,0.8788302173889871
0.007280275484910086,0.013390600018214675,0.11640759465699178,0.8629215298398835
0.134193932595988,0.046980568534788186,0.1014264606063372,0.7173990382628866
0.004351213905571096,0.056169587411741315,0.09995867001682002,0.8395205286658676
0.04714954266179756,0.04429146386222136,0.3133397585767812,0.5952192348991998
0.08842273906359174,0.033752301198585785,0.12789872504104377,0.7499262346967787
0.04536885056534081,1.5317200255252877e-05,0.0343804081657984,0.9202354240686055
0.0032448530514478453,0.0030734470272904962,0.07906618322548667,0.914615516695775
0.08528426997847684,0.005386540032575984,0.034485950730518966,0.8748432392584282
0.07881302351118592,0.10030335158285836,0.004633722400957904,0.8162499025049978
0.005114866893063557,0.1347345703002345,0.007686630395733402,0.8524639324109686
0.007337673050661895,1.0197471304346625e-05,0.29048764268434946,0.7021644867936845
0.04248964561706763,0.0027646422085776186,0.11056970467542701,0.8441760074989277
0.0008815828942855814,0.030642817124647736,0.03440647416841774,0.934069125812649
0.046871734584127724,0.022107773723107536,0.2552921972341265,0.6757282944586381
0.003123288364157339,0.10678127179894055,0.059386689918308845,0.8307087499185932
0.00015372805473483868,0.026339671501207577,0.3455173383521294,0.6279892620919284
0.07064163540132343,0.29862545540913515,4.991767926588483e-05,0.6306829915102755
0.1858028100037384,0.0382864519446511,0.011435331422423643,0.7644754066291869
0.08026354717814331,0.3565504845580999,0.014391932044033233,0.5487940362197236
0.304023875054937,0.10637999204708247,0.014306757684456297,0.5752893752135242
0.06134767115467371,0.13586517149621397,0.0023607780552631717,0.8004263792938491
0.0023520011150644795,0.0014887224256808274,0.2537490247753207,0.7424102516839338
0.15359696681065957,0.045251585969634425,0.2185217609390993,0.5826296862806066
0.003937475925294559,0.13848643920246592,0.15075577026836884,0.7068203146038706
0.07792299935431267,0.0002243090524455976,9.605653478612725e-05,0.9217566350584557
0.022683741949496246,0.08454836894715186,0.007684439280010518,0.8850834498233414
0.0025579401070461596,0.010750174464847813,0.002040982118755963,0.98465090330935
0.6181062590088477,0.0008899804505046473,1.9381146024405308e-06,0.38100182242604513
0.19560959639973124,0.18386610257334166,0.09096438573293537,0.5295599152939917
0.03494934904964513,0.02206600409277775,0.13958098489720047,0.8034036619603768
0.018804143196046157,0.42311555982880905,0.07763255508543876,0.48044774188970607
0.28248342397089804,0.009056029716765314,0.07805571629013484,0.6304048300222018
0.026667611233444775,0.00496856752120402,0.021907729202357895,0.9464560920429934
0.25795346446468925,0.05964987112586254,0.00688590396680695,0.6755107604426412
0.19594983944977706,0.1624881789662204,0.02052968293961679,0.6210322986443858
0.017749542988900493,0.05854570121842485,0.11520058235995063,0.808504173432724
0.04091457266565306,0.2567099668380352,0.044762405657093815,0.6576130548392178
0.09003239113227102,0.0033526174158939816,0.05656796814929858,0.8500470233025363
0.015988728106503616,0.002541399452443055,0.06004832611526671,0.9214215463257864
0.04035020144567749,0.08219460414135514,0.02199918846848038,0.855456005944487
0.006024356711983989,0.11113817380320945,0.00024149545672923328,0.8825959740280773
0.03580625997830883,0.07921875501110137,0.04173427310862142,0.8432407119019683
0.04581408143575468,0.036574060733332456,0.0014536484896194816,0.9161582093412933
0.03198918146749147,0.06645879386992029,0.2040360308281079,0.6975159938344804
0.005975255868903163,0.05851915525706106,1.2047397280218527e-05,0.9354935414767557
0.013124140615657904,0.1368325725571376,0.12122974680497392,0.7288135400222305
0.15918084699283827,0.049198769166166084,8.659675791609292e-06,0.7916117241652041
0.001384536625265529,0.5869321671419782,0.14205045096601193,0.26963284526674447
0.06132549103771073,0.19028712020241698,0.003639535730625246,0.744747853029247
0.009330985795804426,0.13367519453607535,0.0022087771007836894,0.8547850425673367
0.08765769750514413,0.13499510709984353,0.0005477693502576767,0.7767994260447546
3.546028538820048e-05,0.12470963597183196,0.0003066370430303974,0.8749482666997493
0.5028679037933997,0.006815381808454342,0.00790404719609342,0.48241266720205256
0.40381105321874855,1.5846110228052265e-05,0.12369211007695347,0.4724809905940699
0.005283859248807109,0.0014766380334253768,0.4005999494572501,0.5926395532605174
0.09460376828866096,0.009122414385705418,0.0010965326955022386,0.8951772846301315
0.006513408545947721,0.0038996256737835935,0.04840821571949303,0.9411787500607757
4.26770015346225e-05,0.016392293249176206,0.03922619298431095,0.9443388367649782
0.007827436650277573,0.002022419796006013,0.01378354510384961,0.9763665984498668
0.08619912493563442,0.1080650718616495,0.15694952403623857,0.6487862791664775
0.00016696661570417685,3.3971593490393494e-06,0.23414067100254218,0.7656889652224046
0.013052123825817042,0.0026162532336482724,0.00980348680619231,0.9745281361343425
0.004144520328977151,0.012057458052184555,0.26438892681512816,0.7194090948037102
0.016141477471890004,0.09338838875227912,0.05411186465473095,0.8363582691211
0.036812608156390966,0.2690445534409502,0.00213176940712251,0.6920110689955364
0.17268774554617017,0.18656568940036058,0.017263867228030926,0.6234826978254382
0.0005491321967427301,0.035378122898445934,0.14720200653102208,0.8168707383737893
0.03540851143856488,0.005221154269567917,0.14935642846083713,0.8100139058310301
0.016552232520242318,0.056047096891038505,0.05297763110753651,0.8744230394811827
0.01850820654154437,0.24636964441608433,0.0354893968770278,0.6996327521653434
0.04292126515629992,0.0007123429593476954,0.18502541507109085,0.7713409768132615
0.012846029451843157,0.02140661569126237,0.22271100719956938,0.7430363476573251
0.0027369573957120802,0.43394619783009564,0.0005807348749405506,0.5627361098992517
0.026957658631794883,0.005177684534058382,0.01296137257363001,0.9549032842605167
0.040232159789759296,0.027299621611135205,0.020916912983976292,0.9115513056151293
0.11608253356828062,0.054592131706269906,0.4226379474065697,0.4066873873188799
0.09429628906704568,0.05138686505951135,0.09836041857544968,0.7559564272979933
0.3343248402229706,0.010332439477702004,0.038354562641168544,0.6169881576581588
0.0007686393304182679,0.01022562602891473,0.09280401590808383,0.8962017187325831
0.02738263932780475,2.481335322942848e-05,0.0636068337321986,0.9089857135867673
0.01945514563107434,0.01137805039841698,0.010899296247919705,0.9582675077225891
0.5269115198724067,0.06315988837341564,0.02681930823620272,0.3831092835179749
0.0004196130273578426,0.3102814087558561,0.01594071156371801,0.673358266653068
0.0557291244439932,0.023011654059109522,0.13657826820889074,0.7846809532880065
0.05185494585552824,0.19099596850138195,0.034951119559759644,0.7221979660833303
0.12452056559534706,0.08976329254860105,0.17740174307532808,0.6083143987807238
0.007652723946247263,0.043535935556645755,0.2678204040406558,0.6809909364564511
0.1571392054402729,0.17995866819736536,0.14156050133146447,0.5213416250308972
0.0302904872282158,0.05003128431763265,0.0899061678300066,0.829772060624145
0.03962669932764549,0.18217687305020985,0.12154538619483547,0.6566510414273091
0.0010464225334117002,0.08681754425658429,0.10879600875998399,0.80334002445002
0.017577462094254145,0.10539036784149454,0.2456723639733891,0.6313598060908623
0.024760071957119597,0.07290053150435005,0.09726283494268328,0.8050765615958471
0.14394114391083662,0.012017501296280717,0.379260474417285,0.46478088037559767
0.028810271779543317,0.19007636461922311,0.2259753305713192,0.5551380330299143
0.05191483728480897,0.042374440372002976,0.5452129659815739,0.36049775636161413
0.00034105104567484936,0.08576536957173403,0.009450632726413891,0.9044429466561772
0.049696265501318185,0.0008600559456988877,0.039489971428770324,0.9099537071242125
0.05463429375884267,0.0017488860690746534,0.04055675206957316,0.9030600681025094
0.08086434863068642,0.33514276463909753,0.11463897311677237,0.4693539136134437
0.035978281603854745,0.04341905680919743,0.0003515750874882349,0.9202510864994596
0.08081250600121895,0.028140055209846773,0.08394002826798766,0.8071074105209467
0.01569084813067076,0.01535945757552632,0.007319008755296562,0.9616306855385063
0.024052732052558735,0.16576947225630645,0.11172980163153638,0.6984479940595985
0.0024616068052214163,0.11245704967016505,0.0028793444167222446,0.8822019991078912
0.09744978044750227,0.006273776993620865,0.012776010941289152,0.8835004316175877
0.004472267907737634,0.05369542499751789,0.004068021222917787,0.9377642858718268
0.040774933172648714,0.020162341252512584,0.23213682575199163,0.706925899822847
0.006055059512269056,0.011661004710259357,0.020731809654057146,0.9615521261234145
0.230662847936736,0.04125253653098891,0.005340196818325799,0.7227444187139492
0.17497934212518387,0.06777314210573404,0.011175509115422514,0.7460720066536597
0.29462503557443415,0.027369060122685418,0.05561953153085611,0.6223863727720242
0.007661130693927015,0.2650456033535875,0.12328806971296699,0.6040051962395184
0.2084611145558044,0.17677294058807924,0.17095096034713778,0.4438149845089786
0.0041652055347524575,0.22433981876532533,0.14650966538607416,0.6249853103138482
0.12331616921051691,0.028844061850133572,0.016211930209573608,0.831627838729776
0.28778207241036635,0.017708455239757177,0.051708226600614464,0.642801245749262
0.005678377066757452,0.033928162078399327,0.09670207737079375,0.8636913834840495
0.04087499811233932,0.21288591001189933,0.004947982287960841,0.7412911095878004
0.2061893758043887,0.0012834711746208926,0.1564918126204459,0.6360353404005444
0.0010898811150786877,0.0034298828573155185,0.2242853804729503,0.7711948555546555
0.0038233584431689063,0.005907845904054749,0.00035794781314991454,0.9899108478396264
0.055898401049389417,0.014523353653166373,0.022318920445207786,0.9072593248522365
0.1415222676661402,0.0030568572951147357,0.09033253090816344,0.7650883441305817
0.01100141873394465,0.15130823801069476,0.1285483147614184,0.7091420284939423
0.007964360866349104,0.12472486830753433,0.0037781795357640594,0.8635325912903524
0.01207971199694476,0.012938407949456004,0.01902773258718087,0.9559541474664184
0.03873436739798281,0.0848952269385419,0.02015430167293486,0.8562161039905404
0.003978540885241829,0.019405775719413612,0.323078767728011,0.6535369156673336
0.037908849661869644,0.06502036629527579,0.0001785386948596836,0.8968922453479948
0.00011606425521015512,0.0295826792326381,0.02760211692482749,0.9426991395873243
0.04497872146017383,0.17403596280416622,0.02188163233964223,0.7591036833960177
0.000528576885213099,0.3421669366539783,0.10143560570399979,0.5558688807568088
0.007883169451884879,0.2616620093030918,2.769025653478498e-07,0.730454544342458
0.060333737839193345,0.0011204406756023738,0.14053392855672273,0.7980118929284815
0.09157038867508752,0.0029054896097195602,0.05476001381967931,0.8507641078955136
0.12772247854579855,0.022181965339401307,2.6193846845334262e-05,0.8500693622679548
0.4663032426851215,0.02362136202096986,0.015978466617155813,0.4940969286767528
0.24863345624512137,0.34178181682673087,0.0013747066510958659,0.4082100202770519
0.0018023127700321623,0.12742156640740937,0.029618445841556117,0.8411576749810024
0.151803999011782,0.17343268544809406,0.024856515635388297,0.6499067999047357
0.1425324575287261,0.01992345855415095,0.0009590193287440661,0.8365850645883788
0.001581813813317403,0.16562655711285912,0.00695690349706032,0.8258347255767631
0.35690986977119227,0.20551664227750346,0.11406189931205739,0.3235115886392469
0.008139127980556472,0.14443742393200718,0.3064370270365769,0.5409864210508596
0.08195414797877604,0.17001126644325806,3.183083273631686e-05,0.7480027547452297
0.008991951189808962,0.10021177487668338,0.015368468791274422,0.8754278051422332
0.08201741235097926,0.04723456160117638,0.01843979089528585,0.8523082351525585
0.04993721251316261,0.16892541581021733,0.0406448996400427,0.7404924720365774
0.07045862656070383,0.0022374146664399983,0.004742289404530972,0.9225616693683252
0.05893068883319325,0.12017735851060699,0.13333223663562876,0.6875597160205709
0.11929194941889797,0.013400912135498426,0.017758210125421527,0.849548928320182
0.10962552211236375,0.1636834441423858,0.011145275267801964,0.7155457584774485
0.013317193754607522,0.1550737895490069,0.22703879502616284,0.6045702216702228
0.003581865953178079,0.03146760909976171,0.1937151409248695,0.7712353840221906
0.06611422142139628,0.07486206153146358,0.011986643756470437,0.8470370732906696
0.10948791138921782,0.10086402841725099,0.043130228508715354,0.7465178316848159
0.12857663512279938,0.10832605476266569,0.08608724250383899,0.677010067610696
0.22024945979663405,0.020799293595620206,0.12674715223651545,0.6322040943712303
0.0749673128430836,0.3168086637626235,0.008155506476702167,0.6000685169175908
0.00332734579866121,0.05398372152895309,0.03434864513967099,0.9083402875327147
0.15984960448983318,0.21438470656546446,0.0839972608836909,0.5417684280610116
0.03344763934081706,0.024698659312606022,0.039492590288158894,0.9023611110584179
0.3043440022589927,0.0073682690298226,0.018179048623392702,0.670108680087792
7.81664625858204e-05,0.04341695361806869,0.08988535525898168,0.8666195246603638
0.016874356167089485,0.014042125756042356,0.10946213049290054,0.8596213875839677
0.02677376648244066,0.11188224751377729,0.2986155677900985,0.5627284182136835
0.0643100846277275,0.0039931965557271215,0.43551306411811047,0.4961836546984349
0.0036957426247074755,2.415765924149408e-06,0.2722215701001001,0.7240802715092682
0.07388737910457405,0.02015591993143382,0.14041340251337353,0.7655432984506187
0.032258160133265996,0.02103656705147978,0.12246764742203053,0.8242376253932235
0.1871102941496992,0.04452841917236251,0.00840342506599776,0.7599578616119406
0.2936770489017275,0.019110503917015936,0.08511867146362248,0.6020937757176341
0.0004378877942315682,0.12145551148077177,0.0034032071550925847,0.8747033935699041
0.006537313601454691,0.0006352120499293476,0.215948587998462,0.7768788863501539
0.0009642266971353258,0.0842434858375696,0.022028080061244185,0.8927642074040509
0.15803083554963246,0.07803943994916354,0.08359791920029784,0.6803318053009061
0.05141479635904059,0.24334784081113725,0.04321470749671375,0.6620226553331084
0.2527783855425919,0.0050709480918769865,0.005874263752314325,0.7362764026132168
0.0035869681361710122,0.002420917791156667,0.04135357932471961,0.9526385347479529
0.02688758090696973,0.0015911892315626287,0.01583306912389721,0.9556881607375703
0.028129982884313908,0.002707122680305625,0.1086969215393216,0.8604659728960589
0.12863796598891458,0.0013539873441196465,0.08832099005621953,0.7816870566107463
0.336503426365691,0.03049533561791242,0.05470026465897322,0.5783009733574234
0.5540499574173828,0.001039581808352335,0.005286250497327507,0.4396242102769373
0.07297706663005833,0.16508630730837495,0.0033637437923364397,0.7585728822692304
0.3358098137842856,0.28249909478678237,0.003633505608661576,0.37805758582027055
0.0699166354037966,0.18010962845728828,0.03630685979155586,0.7136668763473593
0.42970637468613965,3.066590428571949e-05,0.22338760226363816,0.34687535714593654
0.00136077641465668,0.014988938800819654,0.22002131081920162,0.763628973965322
0.043794604795426365,0.35329726478424456,0.017938921245711052,0.5849692091746179
0.013514903891419622,0.1682475020731855,0.031769813820118675,0.7864677802152762
0.0377519457256044,1.0612122388949244e-06,0.13286896099594028,0.8293780320662164
0.2633331757015511,0.0012762687368985766,0.059423255569361025,0.6759672999921893
0.03837097032166342,0.027513701631889504,0.11764327221657289,0.8164720558298741
0.013078264916675901,0.009486304935739782,0.010749098146529865,0.9666863320010544
0.08932379459332772,0.01985662959909395,0.0019219346875635204,0.8888976411200148
0.039501467725285844,0.013796262993232266,0.0039778611953514955,0.9427244080861304
0.007439000130202517,0.11800262558703908,0.09049992291344085,0.7840584513693175
0.07829224204888786,0.00998837143764017,0.28660007334842635,0.6251193131650457
0.0004634726999709518,0.25621136095765434,0.01726376081355647,0.7260614055288183
0.042349637633549035,0.20821990698629408,0.03927148753617826,0.7101589678439786
0.009110330300225329,0.09328110984286182,0.014240552813297112,0.8833680070436157
0.028412345374963507,0.0009591681952064964,0.03930620280944771,0.9313222836203823
0.03982488813552606,0.13288310514602322,0.024136051050780635,0.8031559556676701
0.05648041533750148,0.021818870939064434,0.5126845583507612,0.40901615537267294
0.19637177461063393,0.00595160855101958,0.15840292132237713,0.6392736955159694
0.03771539341376448,0.0016886522850360665,0.021223171109364305,0.939372783191835
0.02033452405467643,0.022833090790407094,0.017759215907236864,0.9390731692476797
0.0003937719000818509,0.002211197752100049,0.00015333732978978264,0.9972416930180282
0.1632821405641052,0.10236412525775335,0.10134009908241341,0.6330136350957281
0.03023589439135505,0.0028618424312426946,0.009284457669025093,0.9576178055083772
0.24025758633879288,0.027409314138208737,0.10165983910373308,0.6306732604192653
0.003937890378986485,0.12808659788534685,0.040125710433772444,0.8278498013018942
0.20636470796963163,0.2757183091964425,0.16251644918021152,0.35540053365371443
0.0021421725968673363,0.06934045178286993,0.29753647129432387,0.6309809043259389
0.005492583981022147,0.023621366256735245,0.07437200895263012,0.8965140408096125
0.00011485613998816082,0.09855081978374233,0.43049876890286115,0.4708355551734083
0.261802849872462,0.030648378322904415,0.02186265054418829,0.6856861212604451
7.626503849176314e-06,0.04492092449896152,0.04007174543142751,0.9149997035657618
0.056397398916819545,0.033578159049869376,0.019786160600227202,0.8902382814330839
0.0028591481079177352,0.03682907149468767,1.367256102149373e-05,0.9602981078363729
0.0016932855854085908,0.005877505566823865,0.0005570894505793111,0.9918721193971883
0.003098723991188001,0.21081431348847957,0.18087725208911273,0.6052097104312197
0.4492335311009651,0.11241278178428943,0.0315037903280915,0.406849896786654
0.23300852159383675,0.23406439198800846,0.01744594839890302,0.5154811380192518
0.0018265959394256732,0.18417724196483506,0.014963878114757197,0.7990322839809821
0.024439436947852472,0.05026587117248126,0.006332825608815387,0.9189618662708509
0.0857685981570054,0.30376589195390896,0.005736741784144971,0.6047287681049407
6.101183641247642e-05,0.08559459882549161,0.08054909155336885,0.8337952977847269
0.23860156796017706,0.012360695977725464,0.04089695844650494,0.7081407776155925
0.006231829324013802,0.0014706898384614245,0.1712259860861736,0.8210714947513512
0.036346127975520184,0.003539690443009474,0.19772568027355095,0.7623885013079194
0.023191721496619095,0.001996432556897022,0.04070923579157365,0.9341026101549101
0.002064127906432074,6.61318999258375e-05,0.256307877902063,0.7415618622915792
0.050070979711570325,0.07299898537271204,0.24496041148053188,0.6319696234351856
0.1840462798643156,0.00187322965928796,0.24483933963283963,0.5692411508435568
0.3848889935354629,0.2812566370347628,0.016181997875840782,0.31767237155393346
0.055363440926122554,0.04658513001082249,0.08501559606012488,0.8130358330029301
0.22583761817445727,0.003151589736158607,0.07945863384467589,0.6915521582447083
0.31209437918962646,0.17491731276189584,0.0356391386508097,0.4773491693976679
0.039877639886873165,0.07759237634966867,0.15471853221916673,0.7278114515442913
1.4461880466465435e-05,0.062263393002894775,0.03548753116720208,0.9022346139494366
0.0013555186598417568,0.285794848951446,0.09005335221569963,0.6227962801730126
0.030564728866282975,0.17035975892002503,0.09270457488958342,0.7063709373241086
0.12899158254113113,0.20244809364280258,0.01462310846201449,0.6539372153540517
0.05412355262127597,0.005306287030293299,0.08365917938863418,0.8569109809597966
0.3542437298636917,0.013496963367011132,0.000577692235044515,0.6316816145342526
0.06516478039702081,0.14608825004621695,0.003443484019327764,0.7853034855374345
0.24779081844821696,0.36161352701826216,0.03604351291717327,0.3545521416163476
0.09106258099169666,0.03369961498986293,0.06033960602599223,0.8148981979924482
0.13031262218467823,0.08067667041287807,0.10988109844642321,0.6791296089560205
0.022120212314200905,0.0008643714916071399,0.13254340077169857,0.8444720154224934
0.021639413896869096,0.37857322999471393,0.001107284417269825,0.5986800716911472
0.001538127305908046,0.04859005965916071,0.014260711164380803,0.9356111018705504
0.015872568930174247,0.05967022271934726,0.23855723787960323,0.6858999704708753
0.03277959058311612,0.04868974777842484,6.938846024674308e-05,0.9184612731782124
0.00018916163523261944,0.03150059935668946,0.09134743554815516,0.8769628034599227
0.006626159685948317,0.0807203294838226,0.018714887304616845,0.8939386235256124
0.22073877396311817,0.06339261217164076,0.08340933208177148,0.6324592817834697
0.13514542826033754,0.1271196232657523,0.16819380772375497,0.5695411407501552
0.07279980612513426,0.05634003991740696,0.017745622572126602,0.8531145313853322
0.32056093872515257,0.0007485139954879976,0.1306580346242409,0.5480325126551185
0.008138214182886678,0.011146914362243531,0.00015053266305480826,0.9805643387918151
0.000907854247805426,0.03466848911975253,0.20317179895952225,0.7612518576729198
0.0036468064900829654,0.006136424773848054,0.019091513688228423,0.9711252550478406
0.508769171970921,0.033685424449372364,0.06835797017598431,0.3891874334037223
0.1278390091757401,0.002914199382919421,0.011414393408048716,0.8578323980332917
0.06419860359646888,0.007177968254367025,0.0006498936188858742,0.9279735345302782
0.00030278116233950627,0.00284870886423511,0.34471211175383004,0.6521363982195952
0.1988333288550481,0.05247940732780809,0.09051402260385115,0.6581732412132927
0.3688175368836863,0.020915430785838417,0.057490627003770674,0.5527764053267046
0.18750734212642942,0.011762106042716314,0.04361569344154255,0.7571148583893117
0.15950239252101434,0.2818633176140798,0.002710283959044912,0.5559240059058609
0.3488988956235944,0.10997761395337553,0.08553678586502314,0.4555867045580071
0.00983048607790647,7.32106058338731e-05,0.03297044593563044,0.9571258573806293
0.006096948823176058,0.004530359099560111,0.058052906010322126,0.9313197860669418
0.015318360288085349,0.07158828068089562,0.00896951115726664,0.9041238478737524
0.0032760706436722616,0.030888195279295157,0.004185830786926059,0.9616499032901065
0.020642513664025305,0.026075525577741655,0.10754531847049138,0.8457366422877417
0.039394561947618235,0.14788135284338547,0.036292688946921156,0.7764313962620751
0.11022684010870497,0.00029160191183277097,0.12425980271646682,0.7652217552629954
0.0007135356540643142,0.05120264836880338,0.019173681561759477,0.9289101344153728
0.005703249189547202,0.122405695692235,0.36446574139503407,0.5074253137231837
0.030397329532836886,0.0050209654386676695,0.004921814856007829,0.9596598901724875
